[Presets]
Preset0=Low-EM High-Amp

[Low-EM High-Amp]
Preamp=5.2800002098083496
Band0=-4.8000001907348633
Band1=-2.4000000953674316
Band2=-4.320000171661377
Band3=-2.880000114440918
Band4=-2.4000000953674316
Band5=-6.2399997711181641
Band6=-4.8000001907348633
Band7=-5.7600002288818359
Band8=-3.3599998950958252
Band9=-2.4000000953674316
